	时间t	轴向划分网格数	径向划分网格数	冷却剂种类	功率因子		平均线功率
	1	21	11	1	1.50	18800
	冷却剂流量	冷却剂进口温度	燃料元件高度	包壳厚度	气隙宽度	栅距
	4.73	552.7	4.27	0.000572	0.00017	0.013
	芯块直径	
	0.0095	
10
  590.708  590.002  588.825  586.993  584.481  581.287  577.415  572.872  567.668  561.816  555.330  555.302  554.094  552.700
  678.849  676.438  672.428  666.198  657.696  646.947  634.014  618.984  601.966  583.085  562.486  562.458  558.727  554.422
  774.992  770.674  763.498  752.357  737.171  718.023  695.079  668.583  638.848  606.243  571.185  571.157  564.987  557.874
  873.783  867.602  857.318  841.322  819.463  791.819  758.622  720.283  677.408  630.768  581.227  581.200  572.728  562.979
  969.334  961.419  948.261  927.812  899.871  864.467  821.758  772.146  716.466  656.026  592.384  592.356  581.774  569.623
 1059.449 1049.763 1033.702 1008.848  975.088  932.570  881.445  821.903  754.620  681.293  604.403  604.375  591.920  577.656
 1143.014 1131.527 1112.523 1083.227 1043.685  994.322  935.539  867.495  790.403  705.790  617.015  616.987  602.937  586.897
 1218.189 1205.025 1183.275 1149.827 1104.874 1049.134  983.394  908.084  823.121  729.329  630.484  630.457  614.582  597.140
 1280.044 1265.502 1241.493 1204.620 1155.184 1094.138 1022.615  941.434  850.552  750.034  643.464  643.436  626.593  608.154
 1325.816 1310.323 1284.750 1245.499 1192.939 1128.175 1052.583  967.317  872.550  767.841  656.166  656.139  638.707  619.693
 1352.809 1336.878 1310.582 1270.228 1216.208 1149.696 1072.187  985.029  888.613  782.278  668.312  668.284  650.655  631.496
 1359.443 1343.627 1317.519 1277.443 1223.780 1157.685 1080.649  994.053  898.399  793.010  679.633  679.605  662.174  643.299
 1345.421 1330.269 1305.250 1266.828 1215.333 1151.827 1077.677  994.151  901.727  799.820  689.879  689.851  673.009  654.837
 1311.751 1297.765 1274.660 1239.146 1191.478 1132.553 1063.521  985.413  898.580  802.598  698.825  698.797  682.922  665.852
 1260.619 1248.212 1227.701 1196.131 1153.658 1100.969 1038.922  968.238  889.108  801.330  706.272  706.244  691.693  676.094
 1195.112 1184.576 1167.137 1140.242 1103.935 1058.665 1004.972  943.263  873.617  796.102  712.055  712.027  699.127  685.336
 1118.743 1110.223 1096.098 1074.250 1044.617 1007.417  962.906  911.259  852.555  787.098  716.046  716.018  705.057  693.369
 1034.735 1028.230 1017.422 1000.644  977.759  948.815  913.893  873.079  826.521  774.608  718.153  718.125  709.351  700.012
  945.120  940.538  932.910  921.034  904.768  884.100  859.066  829.749  796.310  759.027  718.328  718.300  711.909  705.118
  850.844  848.140  843.637  836.623  827.013  814.800  800.010  782.696  762.938  740.846  716.564  716.536  712.672  708.570
  754.873  754.039  752.651  750.487  747.519  743.742  739.157  733.770  727.590  720.628  712.897  712.870  711.619  710.292
0.001 	10000.000 												
1.002 	17810.000 												
2.003 	18850.000 												
3.004 	19790.000 												
4.005 	17801.000 												
5.006 	18003.000 												
6.007 	18506.000 												
7.008 	18699.000 												
8.009 	18795.000 												
8.010 	18985.000 												
