  590.708  589.998  588.821  586.989  584.477  581.283  577.411  572.868  567.664  561.844  560.446  553.657  553.442  552.700
  678.849  676.426  672.416  666.186  657.684  646.935  634.002  618.972  601.955  583.170  578.290  555.150  554.415  552.123
  774.992  770.654  763.478  752.337  737.151  718.003  695.059  668.563  638.829  606.383  597.914  558.727  557.482  553.693
  873.783  867.575  857.291  841.295  819.436  791.792  758.595  720.256  677.382  630.959  618.785  563.855  562.108  556.912
  969.334  961.385  948.227  927.778  899.837  864.433  821.724  772.112  716.434  656.263  640.357  570.337  568.108  561.627
 1059.449 1049.723 1033.662 1008.808  975.048  932.530  881.405  821.863  754.582  681.571  662.039  578.063  575.386  567.774
 1143.014 1131.482 1112.478 1083.182 1043.640  994.277  935.494  867.450  790.360  706.101  683.212  586.905  583.829  575.265
 1218.189 1204.976 1183.226 1149.778 1104.825 1049.085  983.345  908.035  823.074  729.667  703.785  597.002  593.585  584.268
 1280.044 1265.450 1241.441 1204.568 1155.132 1094.086 1022.563  941.382  850.502  750.391  722.172  607.624  603.950  594.097
 1325.816 1310.269 1284.696 1245.445 1192.885 1128.121 1052.529  967.263  872.498  768.209  738.368  618.823  614.979  604.817
 1352.809 1336.824 1310.528 1270.174 1216.154 1149.642 1072.133  984.975  888.561  782.649  751.979  630.367  626.446  616.206
 1359.443 1343.573 1317.465 1277.389 1223.726 1157.631 1080.595  993.999  898.347  793.376  762.704  642.000  638.098  628.011
 1345.421 1330.217 1305.198 1266.776 1215.281 1151.775 1077.625  994.099  901.677  800.173  770.326  653.457  649.668  639.958
 1311.751 1297.716 1274.611 1239.097 1191.429 1132.504 1063.472  985.364  898.533  802.930  774.702  664.479  660.895  651.776
 1260.619 1248.167 1227.656 1196.086 1153.613 1100.924 1038.877  968.193  889.065  801.635  775.763  674.808  671.517  663.188
 1195.112 1184.536 1167.097 1140.202 1103.895 1058.625 1004.932  943.223  873.579  796.372  773.536  684.302  681.385  674.025
 1118.743 1110.189 1096.064 1074.216 1044.583 1007.383  962.872  911.225  852.522  787.328  768.068  692.545  690.072  683.837
 1034.735 1028.203 1017.395 1000.617  977.732  948.788  913.866  873.052  826.495  774.792  759.550  699.434  697.462  692.483
  945.120  940.518  932.890  921.014  904.748  884.080  859.046  829.729  796.291  759.162  748.234  704.786  703.357  699.739
  850.844  848.128  843.625  836.611  827.001  814.788  799.998  782.684  762.927  740.928  734.456  708.452  707.596  705.412
  754.873  754.035  752.647  750.483  747.515  743.738  739.153  733.766  727.586  720.655  718.616  710.313  710.040  709.334
 
  590.708  590.464  589.543  588.021  585.943  583.369  580.387  577.117  573.735  570.487  567.724  554.443  554.021  552.700
  678.851  676.943  673.333  667.678  660.029  650.530  639.405  626.967  613.640  599.997  586.786  524.813  522.855  518.726
  774.995  771.353  764.796  754.592  740.829  723.787  703.910  681.819  658.346  634.567  611.830  508.386  505.127  498.249
  873.788  868.358  858.866  844.124  824.208  799.483  770.583  738.458  704.423  670.175  637.759  494.652  490.152  480.648
  969.340  962.213  949.988  931.057  905.495  873.711  836.409  794.725  750.397  705.823  663.893  483.965  478.316  466.382
 1059.456 1050.564 1035.563 1012.467  981.466  943.144  898.327  848.181  794.566  740.408  689.519  476.719  470.043  455.942
 1143.023 1132.285 1114.446 1087.131 1050.699 1006.034  954.274  896.742  835.234  772.771  713.897  473.186  465.639  449.696
 1218.199 1205.684 1185.171 1153.886 1112.344 1061.740 1003.606  939.608  871.593  802.389  736.828  473.865  465.619  448.216
 1280.055 1266.043 1243.312 1208.732 1162.937 1107.373 1043.919  974.627  901.559  827.364  756.785  477.891  469.142  450.696
 1325.827 1310.748 1286.466 1249.582 1200.801 1141.738 1074.519 1001.500  924.993  847.588  773.778  485.408  476.354  457.310
 1352.820 1337.216 1312.199 1274.227 1224.029 1163.293 1094.267 1019.471  941.397  862.644  787.465  496.146  486.987  467.802
 1359.454 1343.918 1319.058 1281.323 1231.427 1171.034 1102.379 1027.994  950.413  872.248  797.575  509.818  500.753  481.881
 1345.432 1330.556 1306.736 1270.561 1222.683 1164.656 1098.575 1026.829  951.855  876.227  803.904  526.108  517.336  499.215
 1311.761 1298.082 1276.110 1242.698 1198.407 1144.601 1083.126 1016.100  945.738  874.524  806.324  544.675  536.387  519.428
 1260.628 1248.578 1229.112 1199.453 1160.037 1111.983 1056.807  996.266  932.280  867.206  804.783  565.116  557.497  542.073
 1195.120 1184.987 1168.484 1143.265 1109.629 1068.415 1020.768  968.056  911.890  854.483  799.344  587.059  580.281  566.720
 1118.750 1110.651 1097.328 1076.886 1049.489 1015.695  976.298  932.312  885.085  836.639  790.077  609.916  604.136  592.711
 1034.740 1028.630 1018.470 1002.807  981.694  955.462  924.633  889.962  852.568  814.163  777.234  633.267  628.623  619.556
  945.124  940.868  933.719  922.657  907.682  888.991  866.938  842.078  815.250  787.697  761.156  656.598  653.206  646.657
  850.846  848.372  844.169  837.654  828.827  817.808  804.810  790.159  774.344  758.065  742.310  679.388  677.335  673.407
  754.874  754.132  752.845  750.844  748.129  744.735  740.721  736.182  731.257  726.155  721.175  700.943  700.279  699.017
 
  590.704  591.891  591.504  590.406  588.759  586.652  584.159  581.351  578.288  575.005  571.483  554.633  554.098  552.700
  678.847  679.413  676.688  671.703  664.693  655.816  645.216  633.020  619.314  604.092  587.177  507.861  505.362  500.964
  774.990  775.355  770.250  761.182  748.536  732.608  713.693  692.077  667.984  641.482  612.344  479.861  475.703  468.343
  873.782  873.689  866.153  852.987  834.671  811.593  784.169  752.843  718.024  679.930  638.372  455.026  449.287  439.072
  969.334  968.720  958.885  941.899  918.344  888.683  853.372  812.897  767.757  718.337  664.597  434.166  426.968  414.082
 1059.450 1058.165 1045.948 1025.112  996.438  960.581  918.126  869.541  815.195  755.410  690.271  418.084  409.590  394.303
 1143.017 1140.825 1126.120 1101.358 1067.545 1025.618  976.441  920.633  858.428  789.775  714.581  407.339  397.758  380.417
 1218.194 1214.925 1197.820 1169.343 1130.692 1083.077 1027.688  965.435  896.614  820.787  737.310  402.615  392.181  373.205
 1280.050 1275.744 1256.611 1225.036 1182.357 1130.003 1069.441 1001.877  927.808  846.614  756.995  402.914  391.876  371.732
 1325.823 1320.677 1300.096 1266.338 1220.823 1165.130 1100.915 1029.611  951.923  867.228  773.721  408.382  396.989  376.179
 1352.817 1347.161 1325.864 1291.057 1244.186 1186.891 1120.923 1047.835  968.472  882.286  787.204  418.711  407.213  386.254
 1359.451 1353.687 1332.483 1297.869 1251.262 1194.281 1128.662 1055.967  977.083  891.535  797.201  433.611  422.255  401.659
 1345.429 1339.961 1319.658 1286.477 1241.753 1187.005 1123.854 1053.761  977.556  894.807  803.510  452.761  441.787  422.049
 1311.758 1306.939 1288.267 1257.647 1216.287 1165.531 1106.804 1041.369  969.920  892.047  805.988  475.766  465.410  446.983
 1260.625 1256.700 1240.245 1213.107 1176.325 1131.017 1078.345 1019.311  954.429  883.321  804.560  502.132  492.616  475.906
 1195.116 1192.188 1178.340 1155.319 1123.968 1085.145 1039.717  988.405  931.545  868.842  799.254  531.329  522.861  508.218
 1118.746 1116.753 1105.670 1087.065 1061.573 1029.789  992.294  949.559  901.810  848.885  790.100  562.648  555.420  543.128
 1034.737 1033.493 1025.115 1010.908  991.307  966.684  937.399  903.758  865.954  823.957  777.316  595.496  589.680  579.960
  945.121  944.409  938.560  928.557  914.682  897.163  876.227  852.097  824.939  794.765  761.240  629.175  624.919  617.925
  850.844  850.538  847.127  841.252  833.082  822.754  810.404  796.162  780.122  762.271  742.373  662.905  660.322  656.144
  754.873  754.843  753.815  752.018  749.510  746.329  742.514  738.097  733.098  727.501  721.218  695.693  694.856  693.518
 
  590.696  593.788  594.045  593.353  592.014  590.146  587.814  585.054  581.879  578.276  574.203  554.784  554.168  552.700
  678.837  682.599  680.864  676.387  669.621  660.744  649.849  636.975  622.112  605.195  586.109  496.497  493.678  489.042
  774.975  780.708  777.278  769.095  756.902  741.019  721.634  698.865  672.759  643.296  610.400  460.481  455.786  448.001
  873.763  881.009  875.780  863.876  846.264  823.349  795.371  762.497  724.847  682.510  635.572  427.838  421.351  410.506
  969.312  977.815  970.848  955.436  932.786  903.397  867.512  825.221  776.576  721.725  661.026  399.772  391.628  377.900
 1059.425 1068.966 1060.143 1041.139 1013.480  977.889  934.740  884.086  825.719  759.518  685.979  377.412  367.800  351.461
 1142.991 1153.171 1142.340 1119.651 1086.948 1045.231  995.144  936.910  870.198  794.361  709.562  361.527  350.689  332.103
 1218.167 1228.517 1215.680 1189.490 1152.051 1104.615 1048.105  983.031  909.195  825.574  731.568  352.927  341.136  320.756
 1280.024 1290.228 1275.649 1246.533 1205.165 1152.990 1091.159 1020.443  940.893  851.407  750.610  350.539  338.081  316.416
 1325.797 1335.674 1319.815 1288.626 1244.500 1189.004 1123.438 1048.764  965.260  871.923  766.853  354.514  341.674  319.281
 1352.792 1362.295 1345.768 1313.573 1268.128 1211.050 1143.709 1067.161  981.824  886.839  780.068  364.537  351.597  329.048
 1359.427 1368.592 1352.087 1320.054 1274.864 1218.110 1151.144 1075.024  990.208  895.931  790.041  380.319  367.557  345.421
 1345.405 1354.283 1338.492 1307.786 1264.422 1209.897 1145.468 1072.104  990.203  899.034  796.574  401.530  389.215  368.034
 1311.735 1320.338 1305.881 1277.562 1237.461 1186.914 1127.016 1058.572  981.843  896.082  799.507  427.730  416.123  396.390
 1260.603 1268.854 1256.216 1231.150 1195.495 1150.380 1096.682 1034.994  965.394  887.121  798.734  458.339  447.684  429.834
 1195.096 1202.814 1192.299 1171.078 1140.705 1102.067 1055.796 1002.249  941.331  872.336  794.229  492.702  483.226  467.625
 1118.727 1125.620 1117.315 1100.213 1075.548 1043.952 1005.819  961.295  910.192  851.960  785.961  529.996  521.908  508.849
 1034.721 1040.456 1034.263 1021.248 1002.321  977.889  948.153  913.144  872.695  826.465  774.087  569.491  562.981  552.683
  945.109  949.418  945.144  936.009  922.635  905.268  884.019  858.897  829.813  796.576  758.923  610.364  605.596  598.207
  850.837  853.561  851.099  845.742  837.865  827.616  815.060  800.208  783.008  763.337  740.991  651.656  648.761  644.358
  754.870  755.814  755.089  753.456  751.036  747.876  743.991  739.380  734.017  727.852  720.800  692.141  691.203  689.797
 
  590.686  595.036  595.741  595.320  594.157  592.387  590.073  587.242  583.903  580.044  575.640  554.686  554.020  552.700
  678.825  683.460  682.062  677.741  670.977  661.951  650.759  637.463  622.111  604.759  585.495  494.973  492.126  487.954
  774.957  782.260  779.443  771.552  759.380  743.243  723.329  699.789  672.782  642.512  609.267  457.554  452.804  445.795
  873.741  883.195  878.844  867.383  849.846  826.621  797.924  763.953  724.979  681.430  633.948  423.416  416.844  407.076
  969.285  980.560  974.705  959.863  937.329  907.586  870.842  827.201  776.868  720.419  658.975  393.942  385.682  373.311
 1059.395 1072.293 1064.815 1046.482 1018.932  982.883  938.698  886.459  826.113  757.995  683.539  370.372  360.618  345.886
 1142.959 1157.081 1147.826 1125.902 1093.283 1050.972  999.622  939.534  870.579  792.582  706.740  353.527  342.528  325.762
 1218.134 1232.921 1221.860 1196.523 1159.153 1110.999 1053.005  985.802  909.473  823.509  728.387  344.254  332.291  313.902
 1279.991 1294.995 1282.347 1254.159 1212.856 1159.875 1096.382 1023.306  941.045  849.080  747.129  341.431  328.795  309.244
 1325.765 1340.650 1326.816 1296.607 1252.552 1196.198 1128.859 1051.666  965.296  869.394  763.159  345.212  332.196  311.987
 1352.760 1367.322 1352.852 1321.658 1276.292 1218.341 1149.182 1070.046  981.777  884.198  776.272  355.273  342.162  321.814
 1359.396 1373.517 1359.035 1327.991 1282.884 1225.273 1156.515 1077.835  990.113  893.279  786.267  371.317  358.394  338.423
 1345.375 1358.961 1345.095 1315.332 1272.050 1216.714 1150.582 1074.779  990.099  896.476  792.948  393.009  380.547  361.441
 1311.706 1324.632 1311.944 1284.493 1244.470 1193.184 1131.731 1061.052  981.759  893.714  796.148  419.892  408.151  390.358
 1260.576 1272.647 1261.573 1237.275 1201.694 1155.937 1100.884 1037.233  965.355  885.023  795.740  451.351  440.578  424.489
 1195.071 1206.017 1196.826 1176.261 1145.962 1106.801 1059.407 1004.213  941.350  870.560  791.668  486.685  477.108  463.051
 1118.705 1128.183 1120.945 1104.380 1079.794 1047.805 1008.796  962.957  910.260  850.528  783.870  525.039  516.866  505.105
 1034.702 1042.387 1037.004 1024.410 1005.565  980.860  950.479  914.469  872.776  825.363  772.468  565.641  559.065  549.793
  945.095  950.767  947.062  938.229  924.923  907.374  885.672  859.837  829.862  795.780  757.766  607.655  602.841  596.190
  850.828  854.358  852.231  847.050  839.209  828.845  816.015  800.737  783.013  762.852  740.302  650.102  647.180  643.218
  754.867  756.060  755.438  753.858  751.448  748.251  744.281  739.541  734.020  727.709  720.599  691.700  690.754  689.489
 
  590.672  596.240  597.339  597.128  596.076  594.342  591.996  589.070  585.574  581.505  576.851  554.737  554.035  552.700
  678.811  684.254  683.083  678.825  672.014  662.848  651.441  637.878  622.242  604.624  585.136  493.523  490.642  486.421
  774.937  783.717  781.318  773.547  761.292  744.897  724.580  700.537  672.993  642.222  608.568  454.859  450.048  442.952
  873.714  885.296  881.552  870.281  852.646  829.069  799.801  765.093  725.314  681.011  632.918  419.429  412.767  402.871
  969.253  983.242  978.167  963.572  940.921  910.746  873.293  828.725  777.351  719.905  657.649  388.736  380.357  367.816
 1059.360 1075.571 1069.046 1051.000 1023.281  986.681  941.625  888.280  826.701  757.380  681.934  364.095  354.197  339.255
 1142.921 1160.955 1152.824 1131.220 1098.368 1055.363 1002.950  941.556  871.193  791.833  704.856  346.358  335.194  318.181
 1218.095 1237.316 1227.528 1202.543 1164.881 1115.901 1056.659  987.954  910.053  822.606  726.244  336.409  324.266  305.598
 1279.951 1299.791 1288.531 1260.720 1219.084 1165.172 1100.284 1025.539  941.567  848.029  744.766  333.118  320.295  300.442
 1325.726 1345.692 1333.318 1303.505 1259.092 1201.741 1132.908 1053.935  965.758  868.227  760.642  336.656  323.450  302.926
 1352.722 1372.444 1359.457 1328.667 1282.934 1223.963 1153.269 1072.306  982.189  882.964  773.681  346.698  333.401  312.737
 1359.358 1378.551 1365.527 1334.880 1289.415 1230.799 1160.526 1080.040  990.492  892.036  783.691  362.946  349.843  329.566
 1345.339 1363.744 1351.263 1321.879 1278.259 1221.971 1154.403 1076.883  990.460  895.284  790.478  385.052  372.421  353.029
 1311.672 1329.016 1317.596 1290.494 1250.165 1198.017 1135.260 1063.015  982.118  892.629  793.869  412.543  400.650  382.597
 1260.543 1276.507 1266.550 1242.562 1206.720 1160.219 1104.035 1039.016  965.719  884.088  793.722  444.776  433.867  417.551
 1195.040 1209.268 1201.016 1180.718 1150.213 1110.445 1062.120 1005.786  941.717  869.799  789.957  481.008  471.313  457.065
 1118.678 1130.782 1124.296 1107.954 1083.220 1050.769 1011.035  964.291  910.613  849.941  782.487  520.348  512.077  500.161
 1034.680 1044.345 1039.531 1027.114 1008.175  983.141  952.228  915.534  873.082  824.931  771.408  561.985  555.331  545.942
  945.078  952.132  948.824  940.120  926.756  908.985  886.915  860.598  830.082  795.476  757.016  605.066  600.195  593.463
  850.818  855.158  853.263  848.155  840.278  829.781  816.733  801.172  783.134  762.669  739.861  648.595  645.640  641.631
  754.864  756.305  755.754  754.196  751.775  748.538  744.504  739.680  734.066  727.665  720.478  691.260  690.303  689.024
 
  590.656  597.411  598.881  598.853  597.885  596.164  593.770  590.744  587.100  582.841  577.961  554.808  554.073  552.700
  678.796  685.185  684.261  680.068  673.212  663.921  652.322  638.515  622.592  604.651  584.800  491.438  488.503  484.160
  774.913  785.396  783.441  775.784  763.444  746.812  726.134  701.634  673.559  642.203  607.911  451.162  446.257  438.952
  873.683  887.710  884.605  873.504  855.757  831.849  802.064  766.690  726.128  680.962  631.945  414.112  407.316  397.120
  969.216  986.336  982.082  967.702  944.904  914.308  876.206  830.796  778.419  719.847  656.387  381.901  373.350  360.418
 1059.318 1079.354 1073.833 1056.030 1028.101  990.955  945.092  890.736  827.968  757.299  680.392  355.906  345.801  330.381
 1142.875 1165.416 1158.465 1137.130 1103.993 1060.299 1006.896  944.300  872.575  791.688  703.035  337.016  325.616  308.046
 1218.048 1242.374 1233.918 1209.221 1171.209 1121.408 1061.003  990.909  911.480  822.363  724.155  326.159  313.759  294.469
 1279.903 1305.313 1295.502 1267.993 1225.956 1171.121 1104.929 1028.641  943.001  847.681  742.451  322.221  309.126  288.604
 1325.678 1351.508 1340.656 1311.154 1266.306 1207.966 1137.738 1057.119  967.175  867.790  758.165  325.393  311.909  290.690
 1352.674 1378.367 1366.927 1336.449 1290.269 1230.282 1158.157 1075.503  983.576  882.468  771.121  335.361  321.788  300.426
 1359.312 1384.388 1372.885 1342.548 1296.641 1237.023 1165.337 1083.180  991.841  891.523  781.138  351.819  338.450  317.493
 1345.294 1369.307 1358.276 1329.188 1285.153 1227.917 1159.009 1079.899  991.763  894.796  788.022  374.412  361.530  341.496
 1311.629 1334.134 1324.048 1297.223 1256.522 1203.516 1139.540 1065.842  983.366  892.205  791.597  402.647  390.522  371.882
 1260.503 1281.037 1272.262 1248.527 1212.370 1165.129 1107.887 1041.595  966.898  883.756  791.702  435.848  424.731  407.895
 1195.004 1213.108 1205.862 1185.787 1155.034 1114.663 1065.466 1008.068  942.805  869.568  788.239  473.230  463.354  448.661
 1118.646 1133.879 1128.206 1112.057 1087.143 1054.231 1013.819  966.230  911.577  849.802  781.094  513.861  505.438  493.158
 1034.654 1046.701 1042.507 1030.247 1011.191  985.829  954.419  917.087  873.877  824.855  770.340  556.883  550.107  540.438
  945.059  953.785  950.911  942.324  928.887  910.897  888.484  861.718  830.662  795.432  756.260  601.415  596.455  589.526
  850.805  856.129  854.488  849.449  841.530  830.904  817.654  801.829  783.474  762.644  739.416  646.438  643.429  639.305
  754.860  756.606  756.134  754.598  752.165  748.890  744.796  739.893  734.184  727.672  720.354  690.602  689.628  688.313
 
  590.638  598.439  600.237  600.369  599.469  597.750  595.307  592.186  588.407  583.980  578.904  554.851  554.087  552.700
  678.779  685.961  685.249  681.111  674.215  664.812  653.044  639.023  622.851  604.637  584.502  489.771  486.794  482.402
  774.886  786.801  785.228  777.665  765.245  748.401  727.405  702.504  673.969  642.120  607.330  448.196  443.218  435.828
  873.648  889.740  887.185  876.224  858.368  834.160  803.918  767.958  726.717  680.824  631.087  409.838  402.938  392.617
  969.174  988.952  985.407  971.202  948.259  917.276  878.595  832.444  779.194  719.674  655.275  376.394  367.708  354.609
 1059.270 1082.573 1077.925 1060.321 1032.182  994.530  947.941  892.688  828.886  757.078  679.032  349.289  339.021  323.391
 1142.823 1169.238 1163.319 1142.200 1108.782 1064.447 1010.147  946.482  873.566  791.386  701.422  329.439  317.851  300.032
 1217.993 1246.733 1239.450 1214.982 1176.622 1126.058 1064.596  993.261  912.492  821.956  722.303  317.814  305.208  285.635
 1279.848 1310.095 1301.565 1274.296 1231.858 1176.161 1108.783 1031.114  944.004  847.169  740.395  313.320  300.007  279.177
 1325.622 1356.564 1347.059 1317.803 1272.520 1213.254 1141.754 1059.658  968.157  867.191  755.961  316.174  302.467  280.926
 1352.619 1383.527 1373.459 1343.228 1296.599 1235.658 1162.225 1078.053  984.529  881.814  768.842  326.069  312.274  290.589
 1359.258 1389.477 1379.326 1349.232 1302.882 1242.324 1169.345 1085.685  992.763  890.854  778.863  342.698  329.114  307.845
 1345.242 1374.156 1364.412 1335.558 1291.106 1232.980 1162.846 1082.305  992.655  894.157  785.833  365.692  352.609  332.284
 1311.580 1338.587 1329.686 1303.082 1262.007 1208.195 1143.105 1068.099  984.226  891.636  789.571  394.544  382.233  363.332
 1260.457 1284.969 1277.242 1253.710 1217.237 1169.302 1111.093 1043.657  967.719  883.285  789.902  428.547  417.264  400.200
 1194.962 1216.429 1210.071 1190.179 1159.176 1118.241 1068.247 1009.893  943.573  869.209  786.707  466.882  456.861  441.978
 1118.610 1136.547 1131.591 1115.599 1090.504 1057.162 1016.131  967.782  912.266  849.549  779.853  508.576  500.032  487.599
 1034.624 1048.722 1045.071 1032.942 1013.767  988.099  956.235  918.330  874.451  824.685  769.388  552.737  545.864  536.080
  945.037  955.196  952.703  944.213  930.703  912.509  889.784  862.615  831.081  795.319  755.587  598.452  593.422  586.414
  850.792  856.955  855.538  850.556  842.594  831.849  818.417  802.355  783.720  762.577  739.019  644.690  641.638  637.469
  754.855  756.861  756.459  754.942  752.497  749.188  745.039  740.066  734.273  727.665  720.244  690.072  689.084  687.755
 
  590.617  599.316  601.396  601.663  600.818  599.099  596.609  593.403  589.507  584.936  579.694  554.882  554.094  552.700
  678.760  686.552  686.005  681.907  674.975  665.479  653.574  639.381  623.017  604.601  584.267  488.576  485.569  481.153
  774.858  787.881  786.604  779.112  766.620  749.597  728.340  703.116  674.222  642.006  606.867  446.045  441.016  433.581
  873.611  891.311  889.186  878.329  860.374  835.911  805.291  768.856  727.083  680.646  630.401  406.723  399.747  389.360
  969.128  990.990  988.002  973.926  950.847  919.535  880.371  833.617  779.681  719.446  654.384  372.362  363.579  350.389
 1059.217 1085.099 1081.142 1063.682 1035.350  997.263  950.065  894.080  829.459  756.791  677.938  344.424  334.037  318.291
 1142.766 1172.260 1167.166 1146.203 1112.526 1067.638 1012.582  948.038  874.176  791.014  700.120  323.840  312.116  294.155
 1217.933 1250.206 1243.866 1219.563 1180.883 1129.655 1067.296  994.938  913.099  821.484  720.802  311.617  298.861  279.125
 1279.786 1313.927 1306.432 1279.335 1236.527 1180.077 1111.690 1032.876  944.592  846.599  738.724  306.685  293.213  272.205
 1325.561 1360.631 1352.221 1323.139 1277.454 1217.375 1144.789 1061.466  968.717  866.543  754.168  309.287  295.416  273.688
 1352.558 1387.688 1378.736 1348.680 1301.634 1239.855 1165.302 1079.867  985.062  881.119  766.986  319.120  305.162  283.290
 1359.199 1393.584 1384.533 1354.610 1307.848 1246.462 1172.377 1087.467  993.274  890.149  777.010  335.878  322.137  300.688
 1345.185 1378.065 1369.367 1340.679 1295.838 1236.930 1165.746 1084.016  993.150  893.483  784.052  359.181  345.951  325.459
 1311.525 1342.168 1334.227 1307.779 1266.357 1211.839 1145.796 1069.703  984.711  891.029  787.924  388.504  376.060  357.010
 1260.406 1288.116 1281.236 1257.849 1221.084 1172.542 1113.508 1045.123  968.193  882.773  788.442  423.120  411.718  394.527
 1194.916 1219.074 1213.430 1193.669 1162.435 1121.007 1070.337 1011.192  944.027  868.804  785.469  462.180  452.056  437.068
 1118.570 1138.658 1134.273 1118.397 1093.134 1059.418 1017.863  968.888  912.684  849.250  778.853  504.678  496.048  483.533
 1034.591 1050.310 1047.091 1035.058 1015.770  989.838  957.591  919.216  874.805  824.475  768.623  549.689  542.748  532.902
  945.012  956.299  954.107  945.688  932.109  913.739  890.752  863.253  831.341  795.175  755.047  596.281  591.202  584.152
  850.777  857.598  856.355  851.416  843.414  832.568  818.982  802.727  783.870  762.492  738.700  643.412  640.330  636.138
  754.850  757.060  756.712  755.209  752.754  749.415  745.221  740.190  734.331  727.651  720.158  689.689  688.691  687.356
 
  590.617  599.317  601.397  601.664  600.820  599.100  596.611  593.404  589.508  584.937  579.697  554.896  554.108  552.700
  678.760  686.553  686.006  681.908  674.976  665.480  653.575  639.382  623.017  604.601  584.276  488.623  485.618  481.157
  774.858  787.882  786.606  779.114  766.622  749.599  728.341  703.117  674.223  642.006  606.857  445.993  440.962  433.452
  873.611  891.314  889.189  878.332  860.376  835.914  805.293  768.858  727.084  680.646  630.392  406.668  399.691  389.198
  969.128  990.992  988.005  973.929  950.851  919.538  880.373  833.619  779.682  719.446  654.375  372.307  363.521  350.197
 1059.217 1085.103 1081.146 1063.687 1035.355  997.267  950.068  894.082  829.460  756.791  677.929  344.367  333.979  318.071
 1142.766 1172.264 1167.171 1146.208 1112.531 1067.642 1012.585  948.040  874.178  791.015  700.110  323.781  312.056  293.912
 1217.933 1250.210 1243.871 1219.569 1180.889 1129.659 1067.300  994.941  913.101  821.484  720.791  311.557  298.800  278.862
 1279.786 1313.932 1306.438 1279.341 1236.533 1180.082 1111.694 1032.879  944.593  846.600  738.713  306.625  293.152  271.928
 1325.561 1360.636 1352.228 1323.146 1277.460 1217.380 1144.793 1061.469  968.719  866.543  754.157  309.228  295.355  273.405
 1352.558 1387.694 1378.742 1348.687 1301.640 1239.860 1165.307 1079.870  985.064  881.119  766.976  319.060  305.101  283.004
 1359.199 1393.589 1384.540 1354.616 1307.854 1246.467 1172.381 1087.470  993.276  890.150  777.000  335.818  322.076  300.406
 1345.185 1378.070 1369.373 1340.685 1295.844 1236.935 1165.750 1084.019  993.152  893.483  784.042  359.122  345.890  325.189
 1311.525 1342.173 1334.233 1307.785 1266.363 1211.843 1145.800 1069.706  984.712  891.030  787.913  388.446  376.000  356.755
 1260.406 1288.120 1281.241 1257.854 1221.088 1172.546 1113.512 1045.126  968.194  882.773  788.431  423.063  411.659  394.293
 1194.916 1219.077 1213.434 1193.673 1162.439 1121.011 1070.340 1011.194  944.028  868.804  785.458  462.124  451.999  436.858
 1118.570 1138.661 1134.277 1118.400 1093.137 1059.421 1017.865  968.889  912.685  849.250  778.842  504.624  495.992  483.349
 1034.591 1050.312 1047.094 1035.060 1015.773  989.840  957.593  919.218  874.806  824.475  768.612  549.636  542.693  532.747
  945.012  956.301  954.108  945.690  932.111  913.740  890.753  863.254  831.342  795.176  755.037  596.230  591.149  584.028
  850.777  857.599  856.356  851.417  843.415  832.569  818.982  802.728  783.871  762.492  738.690  643.363  640.279  636.045
  754.850  757.061  756.712  755.209  752.754  749.415  745.221  740.190  734.331  727.651  720.168  689.737  688.740  687.391
 
