  511.830  511.880
  523.564  523.604
  535.176  535.207
  546.670  546.691
  558.047  558.059
  569.312  569.314
  580.467  580.460
  591.514  591.498
  602.457  602.431
  613.298  613.263
  624.039  623.995
  634.683  634.630
  645.232  645.170
  655.689  655.619
  666.056  665.977
  676.336  676.248
  686.530  686.433
  696.640  696.535
  706.669  706.555
  716.618  716.496
  726.490  726.360
  736.287  736.148
  746.010  745.863
  755.662  755.507
  765.243  765.080
  774.756  774.585
  784.203  784.024
  793.584  793.398
  802.903  802.708
  812.160  811.957
  821.356  821.146
  830.494  830.276
  839.575  839.349
  848.600  848.367
  857.570  857.330
  866.488  866.240
  875.354  875.098
  884.169  883.906
  892.935  892.665
  901.653  901.376
  910.325  910.040
  918.951  918.659
  927.532  927.233
  936.070  935.764
  944.566  944.252
  953.020  952.700
  961.435  961.107
  969.810  969.475
  978.146  977.805
  986.446  986.097
  994.163  993.808
 1001.313 1000.951
 1007.909 1007.540
 1013.964 1013.590
 1019.493 1019.114
 1024.509 1024.124
 1029.023 1028.634
 1033.050 1032.656
 1036.600 1036.203
 1039.685 1039.285
 1042.318 1041.915
 1044.509 1044.104
 1046.270 1045.862
 1047.610 1047.201
 1048.541 1048.131
 1049.073 1048.661
 1049.215 1048.803
 1048.978 1048.565
 1048.370 1047.957
 1047.401 1046.989
 1046.080 1045.668
 1044.416 1044.005
 1042.416 1042.007
 1040.091 1039.683
 1037.446 1037.040
 1034.492 1034.088
 1031.234 1030.832
 1027.682 1027.282
 1023.841 1023.444
 1019.720 1019.326
 1015.325 1014.934
 1010.662 1010.275
 1005.740 1005.357
 1000.564 1000.184
  995.140  994.764
  989.474  989.104
  983.573  983.207
  977.443  977.082
  971.089  970.733
  964.516  964.165
  957.731  957.385
  950.738  950.398
  943.543  943.208
  936.150  935.821
  928.565  928.242
  920.792  920.475
  912.836  912.526
  904.702  904.398
  896.393  896.096
  887.915  887.625
  879.647  879.364
  871.585  871.309
  863.723  863.454
  856.057  855.794
  848.581  848.324
  841.290  841.040
  834.181  833.937
  827.249  827.011
  820.489  820.257
  813.897  813.670
  807.468  807.248
  801.200  800.985
  795.087  794.877
  789.126  788.921
  783.313  783.114
  777.645  777.450
  772.118  771.928
  766.728  766.542
  761.472  761.291
  756.346  756.170
  751.348  751.176
  746.474  746.306
  741.721  741.558
  737.087  736.927
  732.567  732.412
  728.160  728.008
  723.863  723.714
  719.672  719.527
  715.585  715.444
  711.600  711.462
  707.714  707.580
  703.924  703.793
  700.229  700.101
  696.626  696.501
  693.112  692.990
  689.685  689.566
  686.344  686.228
  683.085  682.972
  679.908  679.798
  676.809  676.702
  673.788  673.683
  670.841  670.739
  667.968  667.869
  665.167  665.069
  662.434  662.339
  659.770  659.678
  657.172  657.082
  654.639  654.551
  652.168  652.082
  649.759  649.675
  647.410  647.328
  645.119  645.039
  642.885  642.807
  640.707  640.631
  638.583  638.508
  636.511  636.439
  634.491  634.420
  632.521  632.452
  630.601  630.533
  628.727  628.662
  626.901  626.837
  625.120  625.057
  623.383  623.322
  621.689  621.629
  620.038  619.979
  618.427  618.370
  616.856  616.801
  615.325  615.271
  613.831  613.779
  612.375  612.323
  610.955  610.905
  609.570  609.521
  608.220  608.172
  606.903  606.856
  605.619  605.573
  604.366  604.322
  603.145  603.102
  601.954  601.912
  600.793  600.752
  599.661  599.620
  598.557  598.517
  597.480  597.441
  596.430  596.392
  595.406  595.369
  594.408  594.372
  593.434  593.399
  592.485  592.450
  591.559  591.525
  590.656  590.623
  589.776  589.744
  588.917  588.886
  588.080  588.049
  587.264  587.234
  586.467  586.438
  585.691  585.663
  584.934  584.906
  584.196  584.169
  583.476  583.450
  582.774  582.748
  582.090  582.064
  581.422  581.397
  580.771  580.747
  580.137  580.113
  579.518  579.494
  578.914  578.891
  578.325  578.303
  577.752  577.730
  577.192  577.171
  576.646  576.625
  576.114  576.094
  575.595  575.575
  575.089  575.069
  574.595  574.576
  574.114  574.096
  573.645  573.627
  573.187  573.169
  572.741  572.724
  572.306  572.289
  571.881  571.865
  571.468  571.451
  571.064  571.048
  570.671  570.655
  570.287  570.272
  569.913  569.898
  569.548  569.533
  569.192  569.178
  568.845  568.831
  568.507  568.493
  568.177  568.163
  567.855  567.842
  567.541  567.529
  567.235  567.223
  566.937  566.925
  566.646  566.634
  566.362  566.351
  566.086  566.074
  565.816  565.805
  565.553  565.542
  565.296  565.286
  565.046  565.036
  564.802  564.792
  564.565  564.554
  564.333  564.323
  564.106  564.097
  563.886  563.876
  563.671  563.661
  563.461  563.452
  563.256  563.247
  563.057  563.048
  562.862  562.854
  562.673  562.664
  562.488  562.479
  562.308  562.299
  562.132  562.124
  561.960  561.952
  561.793  561.785
  561.630  561.622
  561.471  561.463
  561.316  561.308
  561.165  561.157
  561.017  561.010
  560.873  560.866
  560.733  560.726
  560.596  560.590
  560.463  560.456
  560.333  560.326
  560.206  560.200
  560.083  560.076
  559.962  559.956
  559.844  559.838
  559.730  559.724
  559.618  559.612
  559.509  559.503
  559.403  559.397
  559.299  559.293
  559.198  559.192
  559.099  559.094
  559.003  558.998
  558.909  558.904
  558.818  558.813
  558.729  558.724
  558.642  558.637
  558.557  558.552
  558.474  558.470
  558.394  558.389
  558.315  558.310
  558.239  558.234
  558.164  558.159
  558.091  558.086
  558.020  558.015
  557.951  557.946
  557.883  557.879
  557.817  557.813
  557.753  557.749
  557.690  557.686
  557.629  557.625
  557.569  557.565
  557.511  557.507
  557.455  557.451
  557.399  557.395
  557.346  557.342
  557.293  557.289
  557.242  557.238
  557.192  557.188
  557.143  557.139
  557.095  557.092
  557.049  557.045
  557.004  557.000
  556.960  556.956
  556.917  556.913
  556.875  556.872
  556.834  556.831
  556.794  556.791
  556.756  556.752
  556.718  556.714
  556.681  556.677
  556.645  556.641
  556.610  556.606
  556.575  556.572
  556.542  556.539
  556.509  556.506
  556.478  556.474
  556.447  556.443
  556.416  556.413
  556.387  556.384
  556.358  556.355
  556.330  556.327
  556.303  556.300
  556.276  556.273
  556.250  556.247
  556.225  556.222
  556.200  556.197
  556.176  556.173
  556.153  556.150
  556.130  556.127
  556.107  556.105
  556.086  556.083
  556.064  556.062
  556.044  556.041
  556.023  556.021
  556.004  556.001
  555.985  555.982
  555.966  555.963
  555.948  555.945
  555.930  555.927
  555.912  555.910
  555.895  555.893
  555.879  555.876
  555.863  555.860
  555.847  555.845
    0.100  511.830  511.880
    0.200  523.564  523.604
    0.300  535.176  535.207
    0.400  546.670  546.691
    0.500  558.047  558.059
    0.600  569.312  569.314
    0.700  580.467  580.460
    0.800  591.514  591.498
    0.900  602.457  602.431
    1.000  613.298  613.263
    1.100  624.039  623.995
    1.200  634.683  634.630
    1.300  645.232  645.170
    1.400  655.689  655.619
    1.500  666.056  665.977
    1.600  676.336  676.248
    1.700  686.530  686.433
    1.800  696.640  696.535
    1.900  706.669  706.555
    2.000  716.618  716.496
    2.100  726.490  726.360
    2.200  736.287  736.148
    2.300  746.010  745.863
    2.400  755.662  755.507
    2.500  765.243  765.080
    2.600  774.756  774.585
    2.700  784.203  784.024
    2.800  793.584  793.398
    2.900  802.903  802.708
    3.000  812.160  811.957
    3.100  821.356  821.146
    3.200  830.494  830.276
    3.300  839.575  839.349
    3.400  848.600  848.367
    3.500  857.570  857.330
    3.600  866.488  866.240
    3.700  875.354  875.098
    3.800  884.169  883.906
    3.900  892.935  892.665
    4.000  901.653  901.376
    4.100  910.325  910.040
    4.200  918.951  918.659
    4.300  927.532  927.233
    4.400  936.070  935.764
    4.500  944.566  944.252
    4.600  953.020  952.700
    4.700  961.435  961.107
    4.800  969.810  969.475
    4.900  978.146  977.805
    5.000  986.446  986.097
    5.100  994.163  993.808
    5.200 1001.313 1000.951
    5.300 1007.909 1007.540
    5.400 1013.964 1013.590
    5.500 1019.493 1019.114
    5.600 1024.509 1024.124
    5.700 1029.023 1028.634
    5.800 1033.050 1032.656
    5.900 1036.600 1036.203
    6.000 1039.685 1039.285
    6.100 1042.318 1041.915
    6.200 1044.509 1044.104
    6.300 1046.270 1045.862
    6.400 1047.610 1047.201
    6.500 1048.541 1048.131
    6.600 1049.073 1048.661
    6.700 1049.215 1048.803
    6.800 1048.978 1048.565
    6.900 1048.370 1047.957
    7.000 1047.401 1046.989
    7.100 1046.080 1045.668
    7.200 1044.416 1044.005
    7.300 1042.416 1042.007
    7.400 1040.091 1039.683
    7.500 1037.446 1037.040
    7.600 1034.492 1034.088
    7.700 1031.234 1030.832
    7.800 1027.682 1027.282
    7.900 1023.841 1023.444
    8.000 1019.720 1019.326
    8.100 1015.325 1014.934
    8.200 1010.662 1010.275
    8.300 1005.740 1005.357
    8.400 1000.564 1000.184
    8.500  995.140  994.764
    8.600  989.474  989.104
    8.700  983.573  983.207
    8.800  977.443  977.082
    8.900  971.089  970.733
    9.000  964.516  964.165
    9.100  957.731  957.385
    9.200  950.738  950.398
    9.300  943.543  943.208
    9.400  936.150  935.821
    9.500  928.565  928.242
    9.600  920.792  920.475
    9.700  912.836  912.526
    9.800  904.702  904.398
    9.900  896.393  896.096
   10.000  887.915  887.625
   10.100  879.647  879.364
   10.200  871.585  871.309
   10.300  863.723  863.454
   10.400  856.057  855.794
   10.500  848.581  848.324
   10.600  841.290  841.040
   10.700  834.181  833.937
   10.800  827.249  827.011
   10.900  820.489  820.257
   11.000  813.897  813.670
   11.100  807.468  807.248
   11.200  801.200  800.985
   11.300  795.087  794.877
   11.400  789.126  788.921
   11.500  783.313  783.114
   11.600  777.645  777.450
   11.700  772.118  771.928
   11.800  766.728  766.542
   11.900  761.472  761.291
   12.000  756.346  756.170
   12.100  751.348  751.176
   12.200  746.474  746.306
   12.300  741.721  741.558
   12.400  737.087  736.927
   12.500  732.567  732.412
   12.600  728.160  728.008
   12.700  723.863  723.714
   12.800  719.672  719.527
   12.900  715.585  715.444
   13.000  711.600  711.462
   13.100  707.714  707.580
   13.200  703.924  703.793
   13.300  700.229  700.101
   13.400  696.626  696.501
   13.500  693.112  692.990
   13.600  689.685  689.566
   13.700  686.344  686.228
   13.800  683.085  682.972
   13.900  679.908  679.798
   14.000  676.809  676.702
   14.100  673.788  673.683
   14.200  670.841  670.739
   14.300  667.968  667.869
   14.400  665.167  665.069
   14.500  662.434  662.339
   14.600  659.770  659.678
   14.700  657.172  657.082
   14.800  654.639  654.551
   14.900  652.168  652.082
   15.000  649.759  649.675
   15.100  647.410  647.328
   15.200  645.119  645.039
   15.300  642.885  642.807
   15.400  640.707  640.631
   15.500  638.583  638.508
   15.600  636.511  636.439
   15.700  634.491  634.420
   15.800  632.521  632.452
   15.900  630.601  630.533
   16.000  628.727  628.662
   16.100  626.901  626.837
   16.200  625.120  625.057
   16.300  623.383  623.322
   16.400  621.689  621.629
   16.500  620.038  619.979
   16.600  618.427  618.370
   16.700  616.856  616.801
   16.800  615.325  615.271
   16.900  613.831  613.779
   17.000  612.375  612.323
   17.100  610.955  610.905
   17.200  609.570  609.521
   17.300  608.220  608.172
   17.400  606.903  606.856
   17.500  605.619  605.573
   17.600  604.366  604.322
   17.700  603.145  603.102
   17.800  601.954  601.912
   17.900  600.793  600.752
   18.000  599.661  599.620
   18.100  598.557  598.517
   18.200  597.480  597.441
   18.300  596.430  596.392
   18.400  595.406  595.369
   18.500  594.408  594.372
   18.600  593.434  593.399
   18.700  592.485  592.450
   18.800  591.559  591.525
   18.900  590.656  590.623
   19.000  589.776  589.744
   19.100  588.917  588.886
   19.200  588.080  588.049
   19.300  587.264  587.234
   19.400  586.467  586.438
   19.500  585.691  585.663
   19.600  584.934  584.906
   19.700  584.196  584.169
   19.800  583.476  583.450
   19.900  582.774  582.748
   20.000  582.090  582.064
   20.100  581.422  581.397
   20.200  580.771  580.747
   20.300  580.137  580.113
   20.400  579.518  579.494
   20.500  578.914  578.891
   20.600  578.325  578.303
   20.700  577.752  577.730
   20.800  577.192  577.171
   20.900  576.646  576.625
   21.000  576.114  576.094
   21.100  575.595  575.575
   21.200  575.089  575.069
   21.300  574.595  574.576
   21.400  574.114  574.096
   21.500  573.645  573.627
   21.600  573.187  573.169
   21.700  572.741  572.724
   21.800  572.306  572.289
   21.900  571.881  571.865
   22.000  571.468  571.451
   22.100  571.064  571.048
   22.200  570.671  570.655
   22.300  570.287  570.272
   22.400  569.913  569.898
   22.500  569.548  569.533
   22.600  569.192  569.178
   22.700  568.845  568.831
   22.800  568.507  568.493
   22.900  568.177  568.163
   23.000  567.855  567.842
   23.100  567.541  567.529
   23.200  567.235  567.223
   23.300  566.937  566.925
   23.400  566.646  566.634
   23.500  566.362  566.351
   23.600  566.086  566.074
   23.700  565.816  565.805
   23.800  565.553  565.542
   23.900  565.296  565.286
   24.000  565.046  565.036
   24.100  564.802  564.792
   24.200  564.565  564.554
   24.300  564.333  564.323
   24.400  564.106  564.097
   24.500  563.886  563.876
   24.600  563.671  563.661
   24.700  563.461  563.452
   24.800  563.256  563.247
   24.900  563.057  563.048
   25.000  562.862  562.854
   25.100  562.673  562.664
   25.200  562.488  562.479
   25.300  562.308  562.299
   25.400  562.132  562.124
   25.500  561.960  561.952
   25.600  561.793  561.785
   25.700  561.630  561.622
   25.800  561.471  561.463
   25.900  561.316  561.308
   26.000  561.165  561.157
   26.100  561.017  561.010
   26.200  560.873  560.866
   26.300  560.733  560.726
   26.400  560.596  560.590
   26.500  560.463  560.456
   26.600  560.333  560.326
   26.700  560.206  560.200
   26.800  560.083  560.076
   26.900  559.962  559.956
   27.000  559.844  559.838
   27.100  559.730  559.724
   27.200  559.618  559.612
   27.300  559.509  559.503
   27.400  559.403  559.397
   27.500  559.299  559.293
   27.600  559.198  559.192
   27.700  559.099  559.094
   27.800  559.003  558.998
   27.900  558.909  558.904
   28.000  558.818  558.813
   28.100  558.729  558.724
   28.200  558.642  558.637
   28.300  558.557  558.552
   28.400  558.474  558.470
   28.500  558.394  558.389
   28.600  558.315  558.310
   28.700  558.239  558.234
   28.800  558.164  558.159
   28.900  558.091  558.086
   29.000  558.020  558.015
   29.100  557.951  557.946
   29.200  557.883  557.879
   29.300  557.817  557.813
   29.400  557.753  557.749
   29.500  557.690  557.686
   29.600  557.629  557.625
   29.700  557.569  557.565
   29.800  557.511  557.507
   29.900  557.455  557.451
   30.000  557.399  557.395
   30.100  557.346  557.342
   30.200  557.293  557.289
   30.300  557.242  557.238
   30.400  557.192  557.188
   30.500  557.143  557.139
   30.600  557.095  557.092
   30.700  557.049  557.045
   30.800  557.004  557.000
   30.900  556.960  556.956
   31.000  556.917  556.913
   31.100  556.875  556.872
   31.200  556.834  556.831
   31.300  556.794  556.791
   31.400  556.756  556.752
   31.500  556.718  556.714
   31.600  556.681  556.677
   31.700  556.645  556.641
   31.800  556.610  556.606
   31.900  556.575  556.572
   32.000  556.542  556.539
   32.100  556.509  556.506
   32.200  556.478  556.474
   32.300  556.447  556.443
   32.400  556.416  556.413
   32.500  556.387  556.384
   32.600  556.358  556.355
   32.700  556.330  556.327
   32.800  556.303  556.300
   32.900  556.276  556.273
   33.000  556.250  556.247
   33.100  556.225  556.222
   33.200  556.200  556.197
   33.300  556.176  556.173
   33.400  556.153  556.150
   33.500  556.130  556.127
   33.600  556.107  556.105
   33.700  556.086  556.083
   33.800  556.064  556.062
   33.900  556.044  556.041
   34.000  556.023  556.021
   34.100  556.004  556.001
   34.200  555.985  555.982
   34.300  555.966  555.963
   34.400  555.948  555.945
   34.500  555.930  555.927
   34.600  555.912  555.910
   34.700  555.895  555.893
   34.800  555.879  555.876
   34.900  555.863  555.860
   35.000  555.847  555.845
