 1078.109  794.603
 1078.109  794.603
 1078.109  794.603
 1078.109  794.603
 1078.109  794.603
 1078.109  794.603
 1078.109  794.603
 1078.109  794.603
 1078.109  794.603
 1078.109  794.603
 1078.109  794.603
 1078.109  794.603
 1078.109  794.603
 1078.109  794.603
 1078.109  794.603
 1078.109  794.603
 1078.109  794.603
 1078.109  794.603
 1078.109  794.603
 1078.109  794.603
 1078.109  794.603
 1410.461  914.468
 1410.461  914.468
 1410.461  914.468
 1410.461  914.468
 1410.461  914.468
 1410.461  914.468
 1410.461  914.468
 1410.461  914.468
 1410.461  914.468
 1410.461  914.468
 1410.461  914.468
 1410.461  914.468
 1410.461  914.468
 1410.461  914.468
 1410.461  914.468
 1410.461  914.468
 1410.461  914.468
 1410.461  914.468
 1410.461  914.468
 1410.461  914.468
 1410.461  914.468
 1609.183  976.082
 1609.183  976.082
 1609.183  976.082
 1609.183  976.082
 1609.183  976.082
 1609.183  976.082
 1609.183  976.082
 1609.183  976.082
 1609.183  976.082
 1609.183  976.082
 1609.183  976.082
 1609.183  976.082
 1609.183  976.082
 1609.183  976.082
 1609.183  976.082
 1609.183  976.082
 1609.183  976.082
 1609.183  976.082
 1609.183  976.082
 1609.183  976.082
 1609.183  976.082
 1733.262 1012.840
 1733.262 1012.840
 1733.262 1012.840
 1733.262 1012.840
 1733.262 1012.840
 1733.262 1012.840
 1733.262 1012.840
 1733.262 1012.840
 1733.262 1012.840
 1733.262 1012.840
 1733.262 1012.840
 1733.262 1012.840
 1733.262 1012.840
 1733.262 1012.840
 1733.262 1012.840
 1733.262 1012.840
 1733.262 1012.840
 1733.262 1012.840
 1733.262 1012.840
 1733.262 1012.840
 1733.262 1012.840
 1815.627 1037.098
 1815.627 1037.098
 1815.627 1037.098
 1815.627 1037.098
 1815.627 1037.098
 1815.627 1037.098
 1815.627 1037.098
 1815.627 1037.098
 1815.627 1037.098
 1815.627 1037.098
 1815.627 1037.098
 1815.627 1037.098
 1815.627 1037.098
 1815.627 1037.098
 1815.627 1037.098
 1815.627 1037.098
 1815.627 1037.098
 1815.627 1037.098
 1815.627 1037.098
 1815.627 1037.098
 1815.627 1037.098
 1874.646 1054.690
 1874.646 1054.690
 1874.646 1054.690
 1874.646 1054.690
 1874.646 1054.690
 1874.646 1054.690
 1874.646 1054.690
 1874.646 1054.690
 1874.646 1054.690
 1874.646 1054.690
 1874.646 1054.690
 1874.646 1054.690
 1874.646 1054.690
 1874.646 1054.690
 1874.646 1054.690
 1874.646 1054.690
 1874.646 1054.690
 1874.646 1054.690
 1874.646 1054.690
 1874.646 1054.690
 1874.646 1054.690
 1920.539 1068.623
 1920.539 1068.623
 1920.539 1068.623
 1920.539 1068.623
 1920.539 1068.623
 1920.539 1068.623
 1920.539 1068.623
 1920.539 1068.623
 1920.539 1068.623
 1920.539 1068.623
 1920.539 1068.623
 1920.539 1068.623
 1920.539 1068.623
 1920.539 1068.623
 1920.539 1068.623
 1920.539 1068.623
 1920.539 1068.623
 1920.539 1068.623
 1920.539 1068.623
 1920.539 1068.623
 1920.539 1068.623
 1958.997 1080.513
 1958.997 1080.513
 1958.997 1080.513
 1958.997 1080.513
 1958.997 1080.513
 1958.997 1080.513
 1958.997 1080.513
 1958.997 1080.513
 1958.997 1080.513
 1958.997 1080.513
 1958.997 1080.513
 1958.997 1080.513
 1958.997 1080.513
 1958.997 1080.513
 1958.997 1080.513
 1958.997 1080.513
 1958.997 1080.513
 1958.997 1080.513
 1958.997 1080.513
 1958.997 1080.513
 1958.997 1080.513
 1993.195 1091.253
 1993.195 1091.253
 1993.195 1091.253
 1993.195 1091.253
 1993.195 1091.253
 1993.195 1091.253
 1993.195 1091.253
 1993.195 1091.253
 1993.195 1091.253
 1993.195 1091.253
 1993.195 1091.253
 1993.195 1091.253
 1993.195 1091.253
 1993.195 1091.253
 1993.195 1091.253
 1993.195 1091.253
 1993.195 1091.253
 1993.195 1091.253
 1993.195 1091.253
 1993.195 1091.253
 1993.195 1091.253
 2024.904 1101.336
 2024.904 1101.336
 2024.904 1101.336
 2024.904 1101.336
 2024.904 1101.336
 2024.904 1101.336
 2024.904 1101.336
 2024.904 1101.336
 2024.904 1101.336
 2024.904 1101.336
 2024.904 1101.336
 2024.904 1101.336
 2024.904 1101.336
 2024.904 1101.336
 2024.904 1101.336
 2024.904 1101.336
 2024.904 1101.336
 2024.904 1101.336
 2024.904 1101.336
 2024.904 1101.336
 2024.904 1101.336
 2055.110 1111.044
 2055.110 1111.044
 2055.110 1111.044
 2055.110 1111.044
 2055.110 1111.044
 2055.110 1111.044
 2055.110 1111.044
 2055.110 1111.044
 2055.110 1111.044
 2055.110 1111.044
 2055.110 1111.044
 2055.110 1111.044
 2055.110 1111.044
 2055.110 1111.044
 2055.110 1111.044
 2055.110 1111.044
 2055.110 1111.044
 2055.110 1111.044
 2055.110 1111.044
 2055.110 1111.044
 2055.110 1111.044
 2084.356 1120.530
 2084.356 1120.530
 2084.356 1120.530
 2084.356 1120.530
 2084.356 1120.530
 2084.356 1120.530
 2084.356 1120.530
 2084.356 1120.530
 2084.356 1120.530
 2084.356 1120.530
 2084.356 1120.530
 2084.356 1120.530
 2084.356 1120.530
 2084.356 1120.530
 2084.356 1120.530
 2084.356 1120.530
 2084.356 1120.530
 2084.356 1120.530
 2084.356 1120.530
 2084.356 1120.530
 2084.356 1120.530
 2112.941 1129.885
 2112.941 1129.885
 2112.941 1129.885
 2112.941 1129.885
 2112.941 1129.885
 2112.941 1129.885
 2112.941 1129.885
 2112.941 1129.885
 2112.941 1129.885
 2112.941 1129.885
 2112.941 1129.885
 2112.941 1129.885
 2112.941 1129.885
 2112.941 1129.885
 2112.941 1129.885
 2112.941 1129.885
 2112.941 1129.885
 2112.941 1129.885
 2112.941 1129.885
 2112.941 1129.885
 2112.941 1129.885
 2141.024 1139.158
 2141.024 1139.158
 2141.024 1139.158
 2141.024 1139.158
 2141.024 1139.158
 2141.024 1139.158
 2141.024 1139.158
 2141.024 1139.158
 2141.024 1139.158
 2141.024 1139.158
 2141.024 1139.158
 2141.024 1139.158
 2141.024 1139.158
 2141.024 1139.158
 2141.024 1139.158
 2141.024 1139.158
 2141.024 1139.158
 2141.024 1139.158
 2141.024 1139.158
 2141.024 1139.158
 2141.024 1139.158
 2168.687 1148.376
 2168.687 1148.376
 2168.687 1148.376
 2168.687 1148.376
 2168.687 1148.376
 2168.687 1148.376
 2168.687 1148.376
 2168.687 1148.376
 2168.687 1148.376
 2168.687 1148.376
 2168.687 1148.376
 2168.687 1148.376
 2168.687 1148.376
 2168.687 1148.376
 2168.687 1148.376
 2168.687 1148.376
 2168.687 1148.376
 2168.687 1148.376
 2168.687 1148.376
 2168.687 1148.376
 2168.687 1148.376
 2195.969 1157.556
 2195.969 1157.556
 2195.969 1157.556
 2195.969 1157.556
 2195.969 1157.556
 2195.969 1157.556
 2195.969 1157.556
 2195.969 1157.556
 2195.969 1157.556
 2195.969 1157.556
 2195.969 1157.556
 2195.969 1157.556
 2195.969 1157.556
 2195.969 1157.556
 2195.969 1157.556
 2195.969 1157.556
 2195.969 1157.556
 2195.969 1157.556
 2195.969 1157.556
 2195.969 1157.556
 2195.969 1157.556
 2222.886 1166.705
 2222.886 1166.705
 2222.886 1166.705
 2222.886 1166.705
 2222.886 1166.705
 2222.886 1166.705
 2222.886 1166.705
 2222.886 1166.705
 2222.886 1166.705
 2222.886 1166.705
 2222.886 1166.705
 2222.886 1166.705
 2222.886 1166.705
 2222.886 1166.705
 2222.886 1166.705
 2222.886 1166.705
 2222.886 1166.705
 2222.886 1166.705
 2222.886 1166.705
 2222.886 1166.705
 2222.886 1166.705
 2249.442 1175.828
 2249.442 1175.828
 2249.442 1175.828
 2249.442 1175.828
 2249.442 1175.828
 2249.442 1175.828
 2249.442 1175.828
 2249.442 1175.828
 2249.442 1175.828
 2249.442 1175.828
 2249.442 1175.828
 2249.442 1175.828
 2249.442 1175.828
 2249.442 1175.828
 2249.442 1175.828
 2249.442 1175.828
 2249.442 1175.828
 2249.442 1175.828
 2249.442 1175.828
 2249.442 1175.828
 2249.442 1175.828
 2275.635 1184.927
 2275.635 1184.927
 2275.635 1184.927
 2275.635 1184.927
 2275.635 1184.927
 2275.635 1184.927
 2275.635 1184.927
 2275.635 1184.927
 2275.635 1184.927
 2275.635 1184.927
 2275.635 1184.927
 2275.635 1184.927
 2275.635 1184.927
 2275.635 1184.927
 2275.635 1184.927
 2275.635 1184.927
 2275.635 1184.927
 2275.635 1184.927
 2275.635 1184.927
 2275.635 1184.927
 2275.635 1184.927
 2301.460 1194.002
 2301.460 1194.002
 2301.460 1194.002
 2301.460 1194.002
 2301.460 1194.002
 2301.460 1194.002
 2301.460 1194.002
 2301.460 1194.002
 2301.460 1194.002
 2301.460 1194.002
 2301.460 1194.002
 2301.460 1194.002
 2301.460 1194.002
 2301.460 1194.002
 2301.460 1194.002
 2301.460 1194.002
 2301.460 1194.002
 2301.460 1194.002
 2301.460 1194.002
 2301.460 1194.002
 2301.460 1194.002
 2326.913 1203.052
 2326.913 1203.052
 2326.913 1203.052
 2326.913 1203.052
 2326.913 1203.052
 2326.913 1203.052
 2326.913 1203.052
 2326.913 1203.052
 2326.913 1203.052
 2326.913 1203.052
 2326.913 1203.052
 2326.913 1203.052
 2326.913 1203.052
 2326.913 1203.052
 2326.913 1203.052
 2326.913 1203.052
 2326.913 1203.052
 2326.913 1203.052
 2326.913 1203.052
 2326.913 1203.052
 2326.913 1203.052
 2351.989 1212.077
 2351.989 1212.077
 2351.989 1212.077
 2351.989 1212.077
 2351.989 1212.077
 2351.989 1212.077
 2351.989 1212.077
 2351.989 1212.077
 2351.989 1212.077
 2351.989 1212.077
 2351.989 1212.077
 2351.989 1212.077
 2351.989 1212.077
 2351.989 1212.077
 2351.989 1212.077
 2351.989 1212.077
 2351.989 1212.077
 2351.989 1212.077
 2351.989 1212.077
 2351.989 1212.077
 2351.989 1212.077
 2376.684 1221.074
 2376.684 1221.074
 2376.684 1221.074
 2376.684 1221.074
 2376.684 1221.074
 2376.684 1221.074
 2376.684 1221.074
 2376.684 1221.074
 2376.684 1221.074
 2376.684 1221.074
 2376.684 1221.074
 2376.684 1221.074
 2376.684 1221.074
 2376.684 1221.074
 2376.684 1221.074
 2376.684 1221.074
 2376.684 1221.074
 2376.684 1221.074
 2376.684 1221.074
 2376.684 1221.074
 2376.684 1221.074
 2400.996 1230.044
 2400.996 1230.044
 2400.996 1230.044
 2400.996 1230.044
 2400.996 1230.044
 2400.996 1230.044
 2400.996 1230.044
 2400.996 1230.044
 2400.996 1230.044
 2400.996 1230.044
 2400.996 1230.044
 2400.996 1230.044
 2400.996 1230.044
 2400.996 1230.044
 2400.996 1230.044
 2400.996 1230.044
 2400.996 1230.044
 2400.996 1230.044
 2400.996 1230.044
 2400.996 1230.044
 2400.996 1230.044
 2424.924 1238.982
 2424.924 1238.982
 2424.924 1238.982
 2424.924 1238.982
 2424.924 1238.982
 2424.924 1238.982
 2424.924 1238.982
 2424.924 1238.982
 2424.924 1238.982
 2424.924 1238.982
 2424.924 1238.982
 2424.924 1238.982
 2424.924 1238.982
 2424.924 1238.982
 2424.924 1238.982
 2424.924 1238.982
 2424.924 1238.982
 2424.924 1238.982
 2424.924 1238.982
 2424.924 1238.982
 2424.924 1238.982
 2448.466 1247.888
 2448.466 1247.888
 2448.466 1247.888
 2448.466 1247.888
 2448.466 1247.888
 2448.466 1247.888
 2448.466 1247.888
 2448.466 1247.888
 2448.466 1247.888
 2448.466 1247.888
 2448.466 1247.888
 2448.466 1247.888
 2448.466 1247.888
 2448.466 1247.888
 2448.466 1247.888
 2448.466 1247.888
 2448.466 1247.888
 2448.466 1247.888
 2448.466 1247.888
 2448.466 1247.888
 2448.466 1247.888
 2471.623 1256.759
 2471.623 1256.759
 2471.623 1256.759
 2471.623 1256.759
 2471.623 1256.759
 2471.623 1256.759
 2471.623 1256.759
 2471.623 1256.759
 2471.623 1256.759
 2471.623 1256.759
 2471.623 1256.759
 2471.623 1256.759
 2471.623 1256.759
 2471.623 1256.759
 2471.623 1256.759
 2471.623 1256.759
 2471.623 1256.759
 2471.623 1256.759
 2471.623 1256.759
 2471.623 1256.759
 2471.623 1256.759
 2494.398 1265.591
 2494.398 1265.591
 2494.398 1265.591
 2494.398 1265.591
 2494.398 1265.591
 2494.398 1265.591
 2494.398 1265.591
 2494.398 1265.591
 2494.398 1265.591
 2494.398 1265.591
 2494.398 1265.591
 2494.398 1265.591
 2494.398 1265.591
 2494.398 1265.591
 2494.398 1265.591
 2494.398 1265.591
 2494.398 1265.591
 2494.398 1265.591
 2494.398 1265.591
 2494.398 1265.591
 2494.398 1265.591
 2516.793 1274.383
 2516.793 1274.383
 2516.793 1274.383
 2516.793 1274.383
 2516.793 1274.383
 2516.793 1274.383
 2516.793 1274.383
 2516.793 1274.383
 2516.793 1274.383
 2516.793 1274.383
 2516.793 1274.383
 2516.793 1274.383
 2516.793 1274.383
 2516.793 1274.383
 2516.793 1274.383
 2516.793 1274.383
 2516.793 1274.383
 2516.793 1274.383
 2516.793 1274.383
 2516.793 1274.383
 2516.793 1274.383
 2538.811 1283.132
 2538.811 1283.132
 2538.811 1283.132
 2538.811 1283.132
 2538.811 1283.132
 2538.811 1283.132
 2538.811 1283.132
 2538.811 1283.132
 2538.811 1283.132
 2538.811 1283.132
 2538.811 1283.132
 2538.811 1283.132
 2538.811 1283.132
 2538.811 1283.132
 2538.811 1283.132
 2538.811 1283.132
 2538.811 1283.132
 2538.811 1283.132
 2538.811 1283.132
 2538.811 1283.132
 2538.811 1283.132
