 功率输出
 2000.518
 6181.032
10222.771
14034.990
17532.100
20635.583
23275.761
25393.357
26940.828
27883.430
28200.000
27883.431
26940.829
25393.359
23275.763
20635.586
17532.103
14034.994
10222.775
 6181.036
 2000.523
 冷却剂温度输出
  552.700
 功率输出
 2000.518
 6181.032
10222.771
14034.990
17532.100
20635.583
23275.761
25393.357
26940.828
27883.430
28200.000
27883.431
26940.829
25393.359
23275.763
20635.586
17532.103
14034.994
10222.775
 6181.036
 2000.523
 冷却剂温度输出
  554.422
 功率输出
 2000.518
 6181.032
10222.771
14034.990
17532.100
20635.583
23275.761
25393.357
26940.828
27883.430
28200.000
27883.431
26940.829
25393.359
23275.763
20635.586
17532.103
14034.994
10222.775
 6181.036
 2000.523
 冷却剂温度输出
  557.874
 功率输出
 2000.518
 6181.032
10222.771
14034.990
17532.100
20635.583
23275.761
25393.357
26940.828
27883.430
28200.000
27883.431
26940.829
25393.359
23275.763
20635.586
17532.103
14034.994
10222.775
 6181.036
 2000.523
 冷却剂温度输出
  562.979
 功率输出
 2000.518
 6181.032
10222.771
14034.990
17532.100
20635.583
23275.761
25393.357
26940.828
27883.430
28200.000
27883.431
26940.829
25393.359
23275.763
20635.586
17532.103
14034.994
10222.775
 6181.036
 2000.523
 冷却剂温度输出
  569.623
